timestamp, note,, 2025-12-08 22:27:30.616, created .csv log placeholder for Github directory requirements (folders which are empty are hidden by default)
